036117
036118
036119
036120
036121
036122
036124
036125
036126
036127
036128
036129
036133
036134
036135
036136
036137
036138
036139
036140
036141
036142
036144
036145
036147
036148
036149
036150
036152
036153
036154
036156
036158
036159
036160
036428
036429
036430
036431
036432
036433
036434
036437
036441
036442
036443
036444
036445
036446
036447
036449
036450
036452
036453
036454
036458
036459
036460
036461
036462
036463
036464
036465
036466
036467
036469
036473
036474
036475
036476
036477
036478
036480
036481
036482
036484
036485
036486
036487
036488
036489
036490
036491
036492
036494
036495
036497
036498
036499
036500
036501
036502
036503
036505
036506
036507
036508
036509
036510
036511
036515
036516

